%YAML:1.0
---
LEFT_K: !!opencv-matrix
   rows: 3
   cols: 3
   dt: d
   data: [ 5.7823233620122528e+02, 0., 5.0199177897995838e+02, 0.,
       5.7969696078340280e+02, 2.8116129257867271e+02, 0., 0., 1. ]
LEFT_D: !!opencv-matrix
   rows: 1
   cols: 5
   dt: d
   data: [ 6.1202555139177522e-02, -8.2689902815416702e-02,
       -4.5748233323019850e-03, 1.2462687310156860e-02,
       7.2010005153121124e-03 ]
RIGHT_K: !!opencv-matrix
   rows: 3
   cols: 3
   dt: d
   data: [ 5.7544939679951221e+02, 0., 4.9511972349325032e+02, 0.,
       5.6890135925669028e+02, 2.6598153833630147e+02, 0., 0., 1. ]
RIGHT_D: !!opencv-matrix
   rows: 1
   cols: 5
   dt: d
   data: [ 1.0103703574897516e-01, -1.8925800425731382e-01,
       -8.7696884130735713e-03, 7.7299942790003597e-03,
       1.4521371359800986e-01 ]
R: !!opencv-matrix
   rows: 3
   cols: 3
   dt: d
   data: [ 9.9998332269787260e-01, 5.7072562441575657e-03,
       8.8405445871267429e-04, -5.7278470627061375e-03,
       9.9966180668240301e-01, 2.5366592764897111e-02,
       -7.3898183245189300e-04, -2.5371233447300238e-02,
       9.9967782531134197e-01 ]
T: !!opencv-matrix
   rows: 3
   cols: 1
   dt: d
   data: [ -1.2744806135747141e-01, 4.4574577355945971e-03,
       -1.2762357311398951e-03 ]
E: !!opencv-matrix
   rows: 3
   cols: 3
   dt: d
   data: [ -1.0604063369456828e-05, 1.1627129159527002e-03,
       4.4883954076002618e-03, -1.3703962488954065e-03,
       -3.2407983214518170e-03, 1.2740587255609501e-01,
       -3.7273803933312363e-03, -1.2743039912827417e-01,
       -3.2368637065162730e-03 ]
F: !!opencv-matrix
   rows: 3
   cols: 3
   dt: d
   data: [ 1.3072637304548237e-08, -1.4297652775268316e-06,
       -2.8040844064315118e-03, 1.7088629210610862e-06,
       4.0310150718811330e-06, -9.3856794380308015e-02,
       2.1832468645570525e-03, 8.9807880794810266e-02, 1. ]
